#Coverage	Number of genomic locations
0.0	1137015.0
1.0	809657.0
2.0	466433.0
3.0	262772.0
4.0	174012.0
5.0	137046.0
6.0	118360.0
7.0	105466.0
8.0	96641.0
9.0	90210.0
10.0	85497.0
11.0	80795.0
12.0	75239.0
13.0	71596.0
14.0	66298.0
15.0	63308.0
16.0	59933.0
17.0	58335.0
18.0	55908.0
19.0	51787.0
20.0	49230.0
21.0	47617.0
22.0	44854.0
23.0	42026.0
24.0	41483.0
25.0	39959.0
26.0	38454.0
27.0	36626.0
28.0	35772.0
29.0	33908.0
30.0	31979.0
31.0	30671.0
32.0	29600.0
33.0	28097.0
34.0	27874.0
35.0	27297.0
36.0	26673.0
37.0	25702.0
38.0	24199.0
39.0	23663.0
40.0	22669.0
41.0	22223.0
42.0	21650.0
43.0	21142.0
44.0	20481.0
45.0	19750.0
46.0	19367.0
47.0	18980.0
48.0	18590.0
49.0	17763.0
50.0	17361.0
51.0	16620.0
52.0	16243.0
53.0	15645.0
54.0	15790.0
55.0	15523.0
56.0	15144.0
57.0	14482.0
58.0	14036.0
59.0	13869.0
60.0	13387.0
61.0	13132.0
62.0	12485.0
63.0	12304.0
64.0	12141.0
65.0	11801.0
66.0	11397.0
67.0	11145.0
68.0	10968.0
69.0	10622.0
70.0	10323.0
71.0	10053.0
72.0	9757.0
73.0	9527.0
74.0	9358.0
75.0	9016.0
76.0	8849.0
77.0	8476.0
78.0	8237.0
79.0	8160.0
80.0	8203.0
81.0	7970.0
82.0	7717.0
83.0	7650.0
84.0	7615.0
85.0	7459.0
86.0	7456.0
87.0	7232.0
88.0	7022.0
89.0	6782.0
90.0	6809.0
91.0	6540.0
92.0	6302.0
93.0	6219.0
94.0	6197.0
95.0	5923.0
96.0	5872.0
97.0	5570.0
98.0	5497.0
99.0	5548.0
100.0	5361.0
101.0	5425.0
102.0	5299.0
103.0	4987.0
104.0	4961.0
105.0	4833.0
106.0	4663.0
107.0	4582.0
108.0	4413.0
109.0	4159.0
110.0	4239.0
111.0	4175.0
112.0	4364.0
113.0	4153.0
114.0	3895.0
115.0	3875.0
116.0	3965.0
117.0	3815.0
118.0	3948.0
119.0	3753.0
120.0	3723.0
121.0	3626.0
122.0	3584.0
123.0	3470.0
124.0	3506.0
125.0	3376.0
126.0	3162.0
127.0	3221.0
128.0	3106.0
129.0	3257.0
130.0	2994.0
131.0	2941.0
132.0	2904.0
133.0	2858.0
134.0	2834.0
135.0	2838.0
136.0	2758.0
137.0	2800.0
138.0	2695.0
139.0	2812.0
140.0	2717.0
141.0	2668.0
142.0	2593.0
143.0	2525.0
144.0	2519.0
145.0	2422.0
146.0	2463.0
147.0	2306.0
148.0	2325.0
149.0	2200.0
150.0	2200.0
151.0	2229.0
152.0	2193.0
153.0	2124.0
154.0	2094.0
155.0	2124.0
156.0	1909.0
157.0	1949.0
158.0	1930.0
159.0	1984.0
160.0	1922.0
161.0	1897.0
162.0	1753.0
163.0	1766.0
164.0	1582.0
165.0	1783.0
166.0	1627.0
167.0	1688.0
168.0	1590.0
169.0	1599.0
170.0	1649.0
171.0	1589.0
172.0	1427.0
173.0	1340.0
174.0	1397.0
175.0	1298.0
176.0	1302.0
177.0	1348.0
178.0	1341.0
179.0	1303.0
180.0	1429.0
181.0	1216.0
182.0	1223.0
183.0	1161.0
184.0	1188.0
185.0	1127.0
186.0	1193.0
187.0	1183.0
188.0	1163.0
189.0	1113.0
190.0	1049.0
191.0	1133.0
192.0	1088.0
193.0	1019.0
194.0	1085.0
195.0	963.0
196.0	998.0
197.0	930.0
198.0	957.0
199.0	884.0
200.0	903.0
201.0	883.0
202.0	839.0
203.0	864.0
204.0	846.0
205.0	889.0
206.0	892.0
207.0	907.0
208.0	870.0
209.0	877.0
210.0	920.0
211.0	912.0
212.0	858.0
213.0	832.0
214.0	799.0
215.0	793.0
216.0	781.0
217.0	771.0
218.0	757.0
219.0	860.0
220.0	812.0
221.0	735.0
222.0	772.0
223.0	755.0
224.0	729.0
225.0	776.0
226.0	754.0
227.0	750.0
228.0	657.0
229.0	793.0
230.0	738.0
231.0	654.0
232.0	725.0
233.0	662.0
234.0	680.0
235.0	676.0
236.0	659.0
237.0	681.0
238.0	607.0
239.0	622.0
240.0	606.0
241.0	559.0
242.0	579.0
243.0	563.0
244.0	524.0
245.0	563.0
246.0	558.0
247.0	528.0
248.0	554.0
249.0	572.0
250.0	591.0
251.0	559.0
252.0	578.0
253.0	540.0
254.0	546.0
255.0	532.0
256.0	553.0
257.0	468.0
258.0	528.0
259.0	521.0
260.0	511.0
261.0	449.0
262.0	514.0
263.0	488.0
264.0	486.0
265.0	476.0
266.0	517.0
267.0	510.0
268.0	493.0
269.0	426.0
270.0	405.0
271.0	428.0
272.0	435.0
273.0	374.0
274.0	425.0
275.0	426.0
276.0	458.0
277.0	422.0
278.0	466.0
279.0	439.0
280.0	380.0
281.0	407.0
282.0	361.0
283.0	394.0
284.0	436.0
285.0	431.0
286.0	396.0
287.0	414.0
288.0	431.0
289.0	413.0
290.0	397.0
291.0	419.0
292.0	341.0
293.0	381.0
294.0	375.0
295.0	370.0
296.0	361.0
297.0	349.0
298.0	334.0
299.0	345.0
300.0	329.0
301.0	327.0
302.0	309.0
303.0	332.0
304.0	303.0
305.0	320.0
306.0	336.0
307.0	329.0
308.0	344.0
309.0	309.0
310.0	326.0
311.0	316.0
312.0	315.0
313.0	283.0
314.0	287.0
315.0	291.0
316.0	281.0
317.0	296.0
318.0	256.0
319.0	294.0
320.0	269.0
321.0	245.0
322.0	266.0
323.0	290.0
324.0	267.0
325.0	298.0
326.0	248.0
327.0	273.0
328.0	229.0
329.0	249.0
330.0	278.0
331.0	254.0
332.0	242.0
333.0	213.0
334.0	179.0
335.0	193.0
336.0	223.0
337.0	215.0
338.0	230.0
339.0	252.0
340.0	208.0
341.0	234.0
342.0	207.0
343.0	224.0
344.0	224.0
345.0	216.0
346.0	193.0
347.0	191.0
348.0	188.0
349.0	205.0
350.0	207.0
351.0	201.0
352.0	181.0
353.0	166.0
354.0	170.0
355.0	159.0
356.0	152.0
357.0	173.0
358.0	153.0
359.0	161.0
360.0	132.0
361.0	126.0
362.0	148.0
363.0	138.0
364.0	106.0
365.0	122.0
366.0	135.0
367.0	115.0
368.0	130.0
369.0	123.0
370.0	103.0
371.0	113.0
372.0	120.0
373.0	141.0
374.0	122.0
375.0	110.0
376.0	116.0
377.0	107.0
378.0	102.0
379.0	117.0
380.0	96.0
381.0	87.0
382.0	95.0
383.0	115.0
384.0	116.0
385.0	106.0
386.0	119.0
387.0	109.0
388.0	156.0
389.0	117.0
390.0	128.0
391.0	116.0
392.0	128.0
393.0	130.0
394.0	102.0
395.0	119.0
396.0	122.0
397.0	136.0
398.0	106.0
399.0	107.0
400.0	106.0
401.0	106.0
402.0	87.0
403.0	114.0
404.0	85.0
405.0	118.0
406.0	101.0
407.0	108.0
408.0	91.0
409.0	104.0
410.0	105.0
411.0	85.0
412.0	69.0
413.0	74.0
414.0	83.0
415.0	60.0
416.0	61.0
417.0	62.0
418.0	82.0
419.0	80.0
420.0	69.0
421.0	97.0
422.0	90.0
423.0	83.0
424.0	82.0
425.0	83.0
426.0	79.0
427.0	83.0
428.0	82.0
429.0	80.0
430.0	73.0
431.0	72.0
432.0	85.0
433.0	78.0
434.0	93.0
435.0	79.0
436.0	80.0
437.0	97.0
438.0	79.0
439.0	92.0
440.0	87.0
441.0	85.0
442.0	69.0
443.0	63.0
444.0	72.0
445.0	73.0
446.0	66.0
447.0	61.0
448.0	70.0
449.0	73.0
450.0	62.0
451.0	68.0
452.0	81.0
453.0	62.0
454.0	75.0
455.0	59.0
456.0	77.0
457.0	63.0
458.0	69.0
459.0	56.0
460.0	64.0
461.0	54.0
462.0	63.0
463.0	77.0
464.0	66.0
465.0	59.0
466.0	61.0
467.0	59.0
468.0	50.0
469.0	73.0
470.0	74.0
471.0	62.0
472.0	78.0
473.0	62.0
474.0	62.0
475.0	54.0
476.0	58.0
477.0	53.0
478.0	54.0
479.0	59.0
480.0	44.0
481.0	63.0
482.0	75.0
483.0	60.0
484.0	57.0
485.0	83.0
486.0	75.0
487.0	61.0
488.0	59.0
489.0	69.0
490.0	59.0
491.0	52.0
492.0	59.0
493.0	44.0
494.0	56.0
495.0	54.0
496.0	51.0
497.0	41.0
498.0	54.0
499.0	52.0
500.0	50.0
501.0	44.0
502.0	50.0
503.0	32.0
504.0	44.0
505.0	38.0
506.0	39.0
507.0	37.0
508.0	31.0
509.0	26.0
510.0	27.0
511.0	23.0
512.0	28.0
513.0	38.0
514.0	22.0
515.0	29.0
516.0	33.0
517.0	26.0
518.0	21.0
519.0	25.0
520.0	27.0
521.0	33.0
522.0	22.0
523.0	19.0
524.0	29.0
525.0	28.0
526.0	22.0
527.0	27.0
528.0	23.0
529.0	25.0
530.0	25.0
531.0	21.0
532.0	17.0
533.0	29.0
534.0	36.0
535.0	22.0
536.0	25.0
537.0	18.0
538.0	28.0
539.0	20.0
540.0	26.0
541.0	23.0
542.0	21.0
543.0	18.0
544.0	19.0
545.0	18.0
546.0	15.0
547.0	18.0
548.0	17.0
549.0	23.0
550.0	26.0
551.0	13.0
552.0	19.0
553.0	22.0
554.0	21.0
555.0	24.0
556.0	17.0
557.0	21.0
558.0	14.0
559.0	25.0
560.0	23.0
561.0	18.0
562.0	26.0
563.0	26.0
564.0	19.0
565.0	20.0
566.0	19.0
567.0	31.0
568.0	24.0
569.0	14.0
570.0	18.0
571.0	18.0
572.0	17.0
573.0	27.0
574.0	18.0
575.0	21.0
576.0	13.0
577.0	19.0
578.0	17.0
579.0	16.0
580.0	18.0
581.0	14.0
582.0	13.0
583.0	12.0
584.0	12.0
585.0	8.0
586.0	5.0
587.0	9.0
588.0	7.0
589.0	6.0
590.0	6.0
591.0	5.0
592.0	4.0
593.0	9.0
594.0	4.0
595.0	3.0
596.0	7.0
597.0	10.0
598.0	11.0
599.0	7.0
600.0	4.0
601.0	9.0
602.0	11.0
603.0	4.0
604.0	8.0
605.0	7.0
606.0	9.0
607.0	3.0
608.0	7.0
609.0	8.0
610.0	6.0
611.0	3.0
612.0	10.0
613.0	4.0
614.0	9.0
615.0	6.0
616.0	9.0
617.0	5.0
618.0	2.0
619.0	7.0
620.0	3.0
621.0	5.0
622.0	4.0
623.0	1.0
624.0	7.0
625.0	5.0
626.0	8.0
627.0	8.0
628.0	7.0
629.0	7.0
630.0	9.0
631.0	11.0
632.0	14.0
633.0	12.0
634.0	3.0
635.0	8.0
636.0	11.0
637.0	10.0
638.0	13.0
639.0	5.0
640.0	5.0
641.0	14.0
642.0	8.0
643.0	11.0
644.0	10.0
645.0	17.0
646.0	11.0
647.0	5.0
648.0	11.0
649.0	12.0
650.0	5.0
651.0	13.0
652.0	19.0
653.0	13.0
654.0	5.0
655.0	10.0
656.0	7.0
657.0	13.0
658.0	10.0
659.0	6.0
660.0	5.0
661.0	9.0
662.0	9.0
663.0	11.0
664.0	17.0
665.0	12.0
666.0	13.0
667.0	16.0
668.0	15.0
669.0	10.0
670.0	14.0
671.0	13.0
672.0	11.0
673.0	14.0
674.0	17.0
675.0	5.0
676.0	5.0
677.0	7.0
678.0	7.0
679.0	9.0
680.0	9.0
681.0	9.0
682.0	9.0
683.0	9.0
684.0	7.0
685.0	5.0
686.0	8.0
687.0	11.0
688.0	7.0
689.0	4.0
690.0	6.0
691.0	5.0
692.0	2.0
693.0	3.0
694.0	1.0
695.0	2.0
696.0	4.0
697.0	4.0
698.0	3.0
699.0	2.0
700.0	3.0
701.0	3.0
702.0	3.0
703.0	3.0
704.0	5.0
705.0	3.0
706.0	8.0
707.0	4.0
708.0	7.0
709.0	4.0
710.0	4.0
711.0	9.0
712.0	6.0
713.0	3.0
714.0	2.0
715.0	5.0
716.0	7.0
717.0	6.0
718.0	5.0
719.0	6.0
720.0	4.0
721.0	2.0
722.0	2.0
723.0	4.0
724.0	6.0
725.0	6.0
726.0	8.0
727.0	2.0
728.0	3.0
729.0	5.0
730.0	2.0
731.0	3.0
732.0	3.0
733.0	5.0
734.0	3.0
735.0	2.0
736.0	2.0
737.0	1.0
738.0	2.0
739.0	5.0
740.0	4.0
741.0	1.0
742.0	8.0
743.0	3.0
744.0	1.0
745.0	2.0
746.0	1.0
748.0	3.0
749.0	2.0
750.0	1.0
751.0	1.0
752.0	1.0
753.0	2.0
754.0	2.0
755.0	1.0
756.0	4.0
757.0	5.0
758.0	1.0
759.0	1.0
760.0	1.0
761.0	3.0
762.0	2.0
763.0	2.0
764.0	2.0
765.0	2.0
766.0	1.0
767.0	4.0
768.0	1.0
769.0	1.0
770.0	2.0
771.0	2.0
772.0	7.0
773.0	1.0
774.0	2.0
775.0	2.0
776.0	6.0
777.0	5.0
778.0	3.0
779.0	5.0
780.0	2.0
781.0	1.0
783.0	3.0
784.0	2.0
785.0	7.0
786.0	3.0
787.0	3.0
788.0	2.0
789.0	5.0
790.0	2.0
791.0	2.0
792.0	1.0
793.0	4.0
795.0	6.0
796.0	6.0
797.0	6.0
798.0	2.0
799.0	9.0
800.0	5.0
801.0	7.0
802.0	3.0
803.0	3.0
804.0	5.0
805.0	6.0
806.0	6.0
807.0	4.0
808.0	3.0
809.0	7.0
810.0	8.0
811.0	5.0
812.0	4.0
813.0	1.0
814.0	2.0
815.0	4.0
816.0	5.0
817.0	2.0
818.0	8.0
819.0	5.0
820.0	3.0
821.0	3.0
822.0	1.0
823.0	2.0
824.0	1.0
825.0	3.0
827.0	2.0
828.0	4.0
829.0	5.0
830.0	4.0
831.0	1.0
834.0	4.0
835.0	4.0
836.0	2.0
837.0	2.0
838.0	2.0
839.0	3.0
840.0	4.0
841.0	4.0
842.0	2.0
843.0	3.0
844.0	5.0
845.0	1.0
846.0	2.0
847.0	1.0
848.0	4.0
850.0	1.0
851.0	3.0
852.0	3.0
854.0	1.0
855.0	2.0
856.0	2.0
857.0	2.0
858.0	3.0
859.0	6.0
860.0	6.0
861.0	1.0
862.0	1.0
863.0	2.0
864.0	4.0
865.0	1.0
866.0	5.0
867.0	2.0
868.0	4.0
869.0	1.0
870.0	1.0
871.0	1.0
872.0	3.0
873.0	1.0
874.0	4.0
877.0	2.0
882.0	1.0
884.0	1.0
886.0	1.0
889.0	1.0
891.0	1.0
892.0	1.0
894.0	1.0
895.0	2.0
896.0	1.0
898.0	1.0
899.0	1.0
901.0	1.0
903.0	1.0
904.0	1.0
905.0	1.0
906.0	1.0
908.0	1.0
911.0	1.0
913.0	1.0
916.0	1.0
917.0	2.0
918.0	2.0
919.0	1.0
922.0	1.0
927.0	2.0
930.0	1.0
933.0	1.0
942.0	1.0
943.0	1.0
952.0	1.0
957.0	1.0
958.0	1.0
959.0	1.0
960.0	1.0
962.0	2.0
964.0	2.0
966.0	1.0
969.0	1.0
972.0	1.0
974.0	1.0
975.0	1.0
976.0	2.0
977.0	1.0
981.0	1.0
982.0	1.0
983.0	1.0
985.0	1.0
986.0	2.0
987.0	1.0
988.0	2.0
993.0	1.0
994.0	1.0
996.0	1.0
998.0	3.0
999.0	1.0
1000.0	1.0
1002.0	1.0
1003.0	1.0
1008.0	1.0
1010.0	1.0
1014.0	2.0
1016.0	2.0
1018.0	1.0
1019.0	2.0
1020.0	1.0
1021.0	4.0
1022.0	5.0
1023.0	1.0
1024.0	2.0
1025.0	2.0
1026.0	2.0
1028.0	1.0
1029.0	2.0
1030.0	2.0
1031.0	1.0
1032.0	1.0
1033.0	1.0
1034.0	1.0
1037.0	1.0
