#Coverage	Number of genomic locations
0.0	1147167.0
1.0	202905.0
2.0	80883.0
3.0	72218.0
4.0	73209.0
5.0	75704.0
6.0	82092.0
7.0	87527.0
8.0	90440.0
9.0	98645.0
10.0	101735.0
11.0	106145.0
12.0	110321.0
13.0	111290.0
14.0	112406.0
15.0	111420.0
16.0	112326.0
17.0	110293.0
18.0	106473.0
19.0	104612.0
20.0	102298.0
21.0	99857.0
22.0	97870.0
23.0	95254.0
24.0	91749.0
25.0	88759.0
26.0	86742.0
27.0	83439.0
28.0	79313.0
29.0	75946.0
30.0	73770.0
31.0	71451.0
32.0	68525.0
33.0	64623.0
34.0	62111.0
35.0	59607.0
36.0	57588.0
37.0	54843.0
38.0	52266.0
39.0	50479.0
40.0	48030.0
41.0	45390.0
42.0	43573.0
43.0	41554.0
44.0	39736.0
45.0	37442.0
46.0	36337.0
47.0	34631.0
48.0	32198.0
49.0	30391.0
50.0	29384.0
51.0	28593.0
52.0	27327.0
53.0	25607.0
54.0	24564.0
55.0	23208.0
56.0	22492.0
57.0	21536.0
58.0	19847.0
59.0	19580.0
60.0	18753.0
61.0	17872.0
62.0	17211.0
63.0	16413.0
64.0	15267.0
65.0	14738.0
66.0	14677.0
67.0	13770.0
68.0	12979.0
69.0	12499.0
70.0	12279.0
71.0	11518.0
72.0	10777.0
73.0	10324.0
74.0	9992.0
75.0	9885.0
76.0	9248.0
77.0	9069.0
78.0	8378.0
79.0	7900.0
80.0	7718.0
81.0	7212.0
82.0	6967.0
83.0	6704.0
84.0	6253.0
85.0	5853.0
86.0	5546.0
87.0	5518.0
88.0	5139.0
89.0	4941.0
90.0	4901.0
91.0	4579.0
92.0	4428.0
93.0	4200.0
94.0	4052.0
95.0	3823.0
96.0	3922.0
97.0	3658.0
98.0	3497.0
99.0	3396.0
100.0	3211.0
101.0	3251.0
102.0	3037.0
103.0	3029.0
104.0	2956.0
105.0	2810.0
106.0	2778.0
107.0	2752.0
108.0	2673.0
109.0	2635.0
110.0	2513.0
111.0	2450.0
112.0	2528.0
113.0	2491.0
114.0	2422.0
115.0	2418.0
116.0	2272.0
117.0	2177.0
118.0	2248.0
119.0	2288.0
120.0	2157.0
121.0	2143.0
122.0	2246.0
123.0	2078.0
124.0	2050.0
125.0	2054.0
126.0	1943.0
127.0	1924.0
128.0	1819.0
129.0	1867.0
130.0	1761.0
131.0	1813.0
132.0	1728.0
133.0	1660.0
134.0	1560.0
135.0	1568.0
136.0	1526.0
137.0	1515.0
138.0	1452.0
139.0	1434.0
140.0	1408.0
141.0	1403.0
142.0	1341.0
143.0	1386.0
144.0	1358.0
145.0	1245.0
146.0	1226.0
147.0	1213.0
148.0	1289.0
149.0	1273.0
150.0	1266.0
151.0	1263.0
152.0	1202.0
153.0	1158.0
154.0	1257.0
155.0	1180.0
156.0	1190.0
157.0	1172.0
158.0	1147.0
159.0	1092.0
160.0	1118.0
161.0	1055.0
162.0	1047.0
163.0	1029.0
164.0	1021.0
165.0	952.0
166.0	956.0
167.0	997.0
168.0	980.0
169.0	985.0
170.0	958.0
171.0	963.0
172.0	944.0
173.0	886.0
174.0	824.0
175.0	840.0
176.0	854.0
177.0	868.0
178.0	842.0
179.0	803.0
180.0	791.0
181.0	696.0
182.0	765.0
183.0	722.0
184.0	789.0
185.0	741.0
186.0	679.0
187.0	713.0
188.0	658.0
189.0	615.0
190.0	624.0
191.0	612.0
192.0	627.0
193.0	630.0
194.0	638.0
195.0	627.0
196.0	601.0
197.0	594.0
198.0	533.0
199.0	606.0
200.0	585.0
201.0	574.0
202.0	585.0
203.0	534.0
204.0	559.0
205.0	572.0
206.0	548.0
207.0	550.0
208.0	521.0
209.0	507.0
210.0	490.0
211.0	505.0
212.0	443.0
213.0	453.0
214.0	467.0
215.0	414.0
216.0	430.0
217.0	455.0
218.0	416.0
219.0	421.0
220.0	464.0
221.0	403.0
222.0	396.0
223.0	398.0
224.0	397.0
225.0	410.0
226.0	403.0
227.0	428.0
228.0	424.0
229.0	410.0
230.0	384.0
231.0	417.0
232.0	432.0
233.0	447.0
234.0	462.0
235.0	481.0
236.0	450.0
237.0	491.0
238.0	464.0
239.0	460.0
240.0	449.0
241.0	455.0
242.0	481.0
243.0	492.0
244.0	513.0
245.0	425.0
246.0	460.0
247.0	493.0
248.0	458.0
249.0	415.0
250.0	445.0
251.0	432.0
252.0	409.0
253.0	430.0
254.0	381.0
255.0	382.0
256.0	378.0
257.0	375.0
258.0	349.0
259.0	371.0
260.0	315.0
261.0	302.0
262.0	327.0
263.0	295.0
264.0	272.0
265.0	296.0
266.0	266.0
267.0	273.0
268.0	296.0
269.0	273.0
270.0	310.0
271.0	295.0
272.0	295.0
273.0	271.0
274.0	270.0
275.0	230.0
276.0	226.0
277.0	211.0
278.0	231.0
279.0	195.0
280.0	234.0
281.0	219.0
282.0	211.0
283.0	221.0
284.0	212.0
285.0	209.0
286.0	175.0
287.0	192.0
288.0	163.0
289.0	179.0
290.0	177.0
291.0	178.0
292.0	168.0
293.0	169.0
294.0	168.0
295.0	152.0
296.0	168.0
297.0	156.0
298.0	161.0
299.0	134.0
300.0	135.0
301.0	140.0
302.0	162.0
303.0	139.0
304.0	145.0
305.0	136.0
306.0	114.0
307.0	115.0
308.0	137.0
309.0	124.0
310.0	126.0
311.0	141.0
312.0	130.0
313.0	120.0
314.0	124.0
315.0	117.0
316.0	111.0
317.0	120.0
318.0	116.0
319.0	93.0
320.0	96.0
321.0	140.0
322.0	87.0
323.0	97.0
324.0	94.0
325.0	106.0
326.0	104.0
327.0	91.0
328.0	109.0
329.0	98.0
330.0	96.0
331.0	101.0
332.0	81.0
333.0	68.0
334.0	92.0
335.0	79.0
336.0	112.0
337.0	102.0
338.0	93.0
339.0	103.0
340.0	90.0
341.0	93.0
342.0	94.0
343.0	96.0
344.0	97.0
345.0	79.0
346.0	95.0
347.0	61.0
348.0	85.0
349.0	73.0
350.0	86.0
351.0	63.0
352.0	67.0
353.0	62.0
354.0	70.0
355.0	81.0
356.0	54.0
357.0	56.0
358.0	54.0
359.0	55.0
360.0	47.0
361.0	60.0
362.0	60.0
363.0	52.0
364.0	45.0
365.0	63.0
366.0	76.0
367.0	55.0
368.0	62.0
369.0	56.0
370.0	60.0
371.0	44.0
372.0	50.0
373.0	63.0
374.0	54.0
375.0	48.0
376.0	47.0
377.0	48.0
378.0	52.0
379.0	59.0
380.0	52.0
381.0	50.0
382.0	48.0
383.0	45.0
384.0	32.0
385.0	30.0
386.0	39.0
387.0	29.0
388.0	38.0
389.0	51.0
390.0	39.0
391.0	40.0
392.0	38.0
393.0	43.0
394.0	36.0
395.0	40.0
396.0	40.0
397.0	29.0
398.0	45.0
399.0	31.0
400.0	45.0
401.0	40.0
402.0	31.0
403.0	33.0
404.0	40.0
405.0	27.0
406.0	32.0
407.0	36.0
408.0	35.0
409.0	30.0
410.0	26.0
411.0	29.0
412.0	40.0
413.0	50.0
414.0	31.0
415.0	28.0
416.0	29.0
417.0	36.0
418.0	33.0
419.0	30.0
420.0	44.0
421.0	37.0
422.0	30.0
423.0	39.0
424.0	37.0
425.0	33.0
426.0	38.0
427.0	36.0
428.0	30.0
429.0	21.0
430.0	29.0
431.0	27.0
432.0	37.0
433.0	26.0
434.0	30.0
435.0	21.0
436.0	22.0
437.0	20.0
438.0	21.0
439.0	25.0
440.0	32.0
441.0	26.0
442.0	26.0
443.0	27.0
444.0	27.0
445.0	35.0
446.0	30.0
447.0	29.0
448.0	24.0
449.0	29.0
450.0	18.0
451.0	20.0
452.0	19.0
453.0	18.0
454.0	23.0
455.0	24.0
456.0	19.0
457.0	26.0
458.0	25.0
459.0	27.0
460.0	25.0
461.0	21.0
462.0	14.0
463.0	22.0
464.0	16.0
465.0	11.0
466.0	23.0
467.0	20.0
468.0	15.0
469.0	9.0
470.0	16.0
471.0	13.0
472.0	11.0
473.0	17.0
474.0	7.0
475.0	8.0
476.0	18.0
477.0	10.0
478.0	16.0
479.0	17.0
480.0	11.0
481.0	16.0
482.0	19.0
483.0	7.0
484.0	15.0
485.0	18.0
486.0	14.0
487.0	8.0
488.0	13.0
489.0	19.0
490.0	21.0
491.0	11.0
492.0	13.0
493.0	9.0
494.0	16.0
495.0	13.0
496.0	7.0
497.0	16.0
498.0	17.0
499.0	18.0
500.0	14.0
501.0	16.0
502.0	15.0
503.0	14.0
504.0	14.0
505.0	16.0
506.0	17.0
507.0	20.0
508.0	10.0
509.0	22.0
510.0	17.0
511.0	21.0
512.0	19.0
513.0	21.0
514.0	18.0
515.0	12.0
516.0	15.0
517.0	15.0
518.0	22.0
519.0	19.0
520.0	16.0
521.0	15.0
522.0	13.0
523.0	12.0
524.0	12.0
525.0	13.0
526.0	14.0
527.0	12.0
528.0	18.0
529.0	18.0
530.0	13.0
531.0	11.0
532.0	11.0
533.0	15.0
534.0	11.0
535.0	9.0
536.0	14.0
537.0	12.0
538.0	19.0
539.0	15.0
540.0	19.0
541.0	6.0
542.0	20.0
543.0	11.0
544.0	6.0
545.0	7.0
546.0	13.0
547.0	6.0
548.0	12.0
549.0	13.0
550.0	12.0
551.0	9.0
552.0	7.0
553.0	7.0
554.0	4.0
555.0	6.0
556.0	1.0
557.0	4.0
558.0	4.0
559.0	8.0
560.0	6.0
561.0	6.0
562.0	4.0
563.0	3.0
564.0	2.0
566.0	3.0
567.0	3.0
568.0	5.0
569.0	4.0
570.0	3.0
571.0	2.0
572.0	4.0
573.0	2.0
574.0	3.0
575.0	4.0
576.0	3.0
577.0	1.0
578.0	6.0
579.0	4.0
580.0	7.0
581.0	8.0
582.0	5.0
583.0	4.0
584.0	4.0
585.0	5.0
586.0	2.0
587.0	6.0
589.0	2.0
590.0	3.0
591.0	1.0
592.0	3.0
593.0	1.0
594.0	4.0
595.0	2.0
596.0	1.0
597.0	1.0
598.0	2.0
600.0	1.0
601.0	2.0
602.0	2.0
603.0	1.0
604.0	1.0
605.0	1.0
609.0	1.0
610.0	2.0
611.0	1.0
613.0	1.0
614.0	1.0
616.0	1.0
617.0	1.0
619.0	1.0
620.0	1.0
621.0	1.0
623.0	2.0
624.0	1.0
625.0	2.0
626.0	1.0
632.0	1.0
633.0	1.0
634.0	1.0
635.0	1.0
637.0	2.0
638.0	1.0
642.0	1.0
643.0	1.0
645.0	1.0
648.0	1.0
649.0	1.0
652.0	1.0
654.0	2.0
658.0	2.0
659.0	1.0
661.0	1.0
663.0	1.0
664.0	1.0
665.0	3.0
668.0	1.0
670.0	2.0
673.0	2.0
674.0	4.0
675.0	3.0
676.0	2.0
677.0	1.0
678.0	1.0
681.0	2.0
683.0	2.0
685.0	1.0
686.0	1.0
687.0	1.0
689.0	1.0
690.0	1.0
691.0	1.0
692.0	3.0
693.0	1.0
694.0	3.0
698.0	3.0
699.0	1.0
700.0	1.0
703.0	1.0
710.0	1.0
712.0	1.0
723.0	1.0
735.0	2.0
739.0	1.0
744.0	2.0
753.0	1.0
758.0	2.0
766.0	1.0
767.0	1.0
768.0	1.0
774.0	1.0
775.0	1.0
785.0	1.0
793.0	1.0
797.0	1.0
799.0	1.0
807.0	1.0
818.0	1.0
821.0	1.0
826.0	1.0
828.0	1.0
836.0	1.0
840.0	1.0
843.0	1.0
847.0	1.0
848.0	1.0
851.0	1.0
860.0	1.0
861.0	1.0
863.0	1.0
868.0	1.0
870.0	1.0
871.0	1.0
877.0	1.0
888.0	1.0
889.0	2.0
898.0	1.0
904.0	1.0
913.0	1.0
914.0	1.0
915.0	1.0
920.0	1.0
921.0	1.0
927.0	1.0
930.0	1.0
932.0	1.0
938.0	1.0
940.0	1.0
943.0	1.0
946.0	1.0
951.0	1.0
953.0	1.0
964.0	1.0
966.0	2.0
973.0	1.0
977.0	1.0
978.0	1.0
986.0	1.0
990.0	1.0
1002.0	1.0
1007.0	1.0
1008.0	1.0
1011.0	1.0
1020.0	1.0
1021.0	1.0
1022.0	1.0
1023.0	1.0
1027.0	1.0
1029.0	1.0
1030.0	1.0
1035.0	1.0
1040.0	1.0
1042.0	1.0
1050.0	1.0
1052.0	1.0
1060.0	1.0
1069.0	1.0
1070.0	1.0
1074.0	1.0
1078.0	1.0
1087.0	1.0
1088.0	1.0
1091.0	1.0
1093.0	2.0
1094.0	1.0
1095.0	1.0
1108.0	1.0
1109.0	1.0
1110.0	1.0
1112.0	2.0
1114.0	1.0
1120.0	1.0
1126.0	1.0
1135.0	2.0
1147.0	1.0
1149.0	2.0
1152.0	1.0
1157.0	1.0
1167.0	1.0
1168.0	1.0
1177.0	1.0
1181.0	1.0
1183.0	1.0
1184.0	1.0
1192.0	1.0
1195.0	1.0
1197.0	1.0
1203.0	1.0
1211.0	1.0
1212.0	1.0
1220.0	1.0
1227.0	1.0
1229.0	1.0
1235.0	1.0
1244.0	1.0
1245.0	1.0
1246.0	1.0
1248.0	1.0
1249.0	1.0
1250.0	1.0
1252.0	1.0
1253.0	1.0
1256.0	1.0
1259.0	1.0
1260.0	2.0
1269.0	1.0
1273.0	1.0
1283.0	1.0
1287.0	1.0
1289.0	1.0
1292.0	2.0
1296.0	1.0
1307.0	1.0
1311.0	1.0
1316.0	1.0
1318.0	1.0
1325.0	1.0
1331.0	1.0
1337.0	1.0
1341.0	1.0
